10;10000;15000;13015;9310;6236;SA
11;10000;15000;10472;9848;5456;SA
12;10000;15000;9085;8458;6500;SA
13;10000;15000;12438;11648;4536;SA
14;10000;15000;9276;8581;6381;SA
15;10000;15000;9001;8746;4637;SA
16;10000;15000;12070;9313;7737;SA
17;10000;15000;12406;10365;4969;SA
18;10000;15000;11392;9107;5132;SA
19;10000;15000;9880;9472;5777;SA
20;10000;25000;4828;4157;6062;SA
21;10000;25000;5033;4180;6268;SA
22;10000;25000;6038;3916;5236;SA
23;10000;25000;4764;4207;7908;SA
24;10000;25000;4811;3997;7390;SA
25;10000;25000;5532;2481;9508;SA
26;10000;25000;4703;2876;6284;SA
27;10000;25000;4980;3166;7496;SA
28;10000;25000;3708;3585;9434;SA
29;10000;25000;5859;4292;6027;SA
30;10000;50000;3185;2078;4262;SA
31;10000;50000;4468;2031;6954;SA
32;10000;50000;3930;1564;8189;SA
33;10000;50000;2565;1314;6345;SA
34;10000;50000;3134;1125;9225;SA
35;10000;50000;2342;1240;3884;SA
36;10000;50000;2521;1879;3558;SA
37;10000;50000;3530;1265;8483;SA
38;10000;50000;2376;2050;5136;SA
39;10000;50000;4611;2091;6683;SA
40;10000;75000;3207;1057;6820;SA
41;10000;75000;2593;580;6201;SA
42;10000;75000;2919;1143;6798;SA
43;10000;75000;2628;947;5116;SA
44;10000;75000;2512;1177;8716;SA
45;10000;75000;2920;1222;4762;SA
46;10000;75000;2881;1145;8116;SA
47;10000;75000;3689;1384;7756;SA
48;10000;75000;3223;1246;6218;SA
49;10000;75000;2378;1218;173;SA
50;10000;100000;1979;663;4119;SA
51;10000;100000;3934;975;8859;SA
52;10000;100000;1898;950;3497;SA
53;10000;100000;1685;725;4539;SA
54;10000;100000;2997;846;2822;SA
55;10000;100000;2142;633;8931;SA
56;10000;100000;1823;655;4436;SA
57;10000;100000;2866;596;8355;SA
58;10000;100000;2339;871;3682;SA
59;10000;100000;2082;693;6282;SA
60;10000;150000;1485;390;6374;SA
61;10000;150000;3069;458;8674;SA
62;10000;150000;2603;708;4995;SA
63;10000;150000;1911;307;9576;SA
64;10000;150000;3095;513;6289;SA
65;10000;150000;3787;368;4126;SA
66;10000;150000;3636;686;3446;SA
67;10000;150000;2512;538;8244;SA
68;10000;150000;1714;421;8846;SA
69;10000;150000;3178;624;9002;SA
70;10000;200000;3611;420;5025;SA
71;10000;200000;3195;392;5418;SA
72;10000;200000;2244;467;7869;SA
73;10000;200000;2550;269;3148;SA
74;10000;200000;2143;415;4489;SA
75;10000;200000;2317;277;5239;SA
76;10000;200000;1460;306;6486;SA
77;10000;200000;3545;73;8998;SA
78;10000;200000;1452;242;3626;SA
79;10000;200000;2713;263;5171;SA
80;20000;30000;14641;13522;14539;SA
81;20000;30000;15179;14691;18148;SA
82;20000;30000;13645;13315;14625;SA
83;20000;30000;11834;9376;15038;SA
84;20000;30000;13401;12620;15090;SA
85;20000;30000;12385;11135;16580;SA
86;20000;30000;12132;10702;13569;SA
87;20000;30000;13109;12869;13644;SA
88;20000;30000;17588;15820;16078;SA
89;20000;30000;14464;13816;15351;SA
90;20000;50000;4759;4367;17479;SA
91;20000;50000;6605;5420;13572;SA
92;20000;50000;6408;4606;15774;SA
93;20000;50000;6375;4626;18831;SA
94;20000;50000;6877;4559;19479;SA
95;20000;50000;8040;5944;13245;SA
96;20000;50000;6157;4923;15938;SA
97;20000;50000;7455;5833;19387;SA
98;20000;50000;5922;4487;17878;SA
99;20000;50000;5881;4785;18490;SA
100;20000;100000;4369;2251;14998;SA
101;20000;100000;2965;1940;15601;SA
102;20000;100000;3648;2335;18465;SA
103;20000;100000;3937;1878;18782;SA
104;20000;100000;2907;2366;18757;SA
105;20000;100000;3073;1713;13447;SA
106;20000;100000;3308;2123;17107;SA
107;20000;100000;4735;2166;13417;SA
108;20000;100000;4551;2064;15450;SA
109;20000;100000;4774;2001;14904;SA
110;20000;150000;3445;1167;12988;SA
111;20000;150000;4252;1648;15241;SA
112;20000;150000;3495;1238;17343;SA
113;20000;150000;2701;1276;13339;SA
114;20000;150000;3865;1456;14570;SA
115;20000;150000;3636;1445;17901;SA
116;20000;150000;3755;1249;17105;SA
117;20000;150000;2578;1120;13882;SA
118;20000;150000;2785;1489;16860;SA
119;20000;150000;2635;1224;16803;SA
120;20000;200000;3324;950;14436;SA
121;20000;200000;1749;984;16595;SA
122;20000;200000;1739;620;15828;SA
123;20000;200000;2270;1066;14293;SA
124;20000;200000;3057;1057;17421;SA
125;20000;200000;3596;994;16927;SA
126;20000;200000;2138;819;17947;SA
127;20000;200000;2609;1104;14589;SA
128;20000;200000;1825;904;16715;SA
129;20000;200000;4228;980;16551;SA
130;20000;300000;3044;826;14298;SA
131;20000;300000;4194;457;17939;SA
132;20000;300000;3299;550;19578;SA
133;20000;300000;1889;373;16915;SA
134;20000;300000;1721;784;16575;SA
135;20000;300000;2571;432;18534;SA
136;20000;300000;2991;796;18659;SA
137;20000;300000;1782;689;17142;SA
138;20000;300000;2479;392;15369;SA
139;20000;300000;3890;536;14886;SA
140;20000;400000;3754;565;13473;SA
141;20000;400000;1694;454;17848;SA
142;20000;400000;3363;321;18615;SA
143;20000;400000;2370;355;14093;SA
144;20000;400000;3380;477;18633;SA
145;20000;400000;2213;423;19697;SA
146;20000;400000;3153;473;17701;SA
147;20000;400000;3152;320;16617;SA
148;20000;400000;1662;332;13409;SA
149;20000;400000;2963;365;13429;SA
150;40000;60000;14565;12474;38044;SA
151;40000;60000;14770;13034;39618;SA
152;40000;60000;13259;11423;37821;SA
153;40000;60000;13098;12218;16193;SA
154;40000;60000;16149;12881;37485;SA
155;40000;60000;16123;14234;32931;SA
156;40000;60000;13464;12188;14296;SA
157;40000;60000;13910;12462;14800;SA
158;40000;60000;14994;13072;35073;SA
159;40000;60000;13981;11951;36474;SA
160;40000;100000;5387;5185;17657;SA
161;40000;100000;5574;4870;39825;SA
162;40000;100000;7437;5161;13757;SA
163;40000;100000;6827;6337;37706;SA
164;40000;100000;6098;5081;37818;SA
165;40000;100000;7152;6122;13635;SA
166;40000;100000;6785;4647;14771;SA
167;40000;100000;6784;6128;14375;SA
168;40000;100000;6736;4863;33668;SA
169;40000;100000;9110;4693;16056;SA
170;40000;200000;2991;2238;16970;SA
171;40000;200000;3772;2320;19968;SA
172;40000;200000;4775;2082;17196;SA
173;40000;200000;4335;1866;37236;SA
174;40000;200000;4157;1977;17572;SA
175;40000;200000;5590;2014;14395;SA
176;40000;200000;3445;2857;36565;SA
177;40000;200000;3698;2322;14650;SA
178;40000;200000;4778;2231;15851;SA
179;40000;200000;4967;2505;36942;SA
180;40000;300000;3285;1203;36436;SA
181;40000;300000;2130;1470;36971;SA
182;40000;300000;3208;1238;13257;SA
183;40000;300000;3674;1700;36547;SA
184;40000;300000;2994;1185;15339;SA
185;40000;300000;4412;1639;35237;SA
186;40000;300000;3705;1524;35941;SA
187;40000;300000;3086;1212;34790;SA
188;40000;300000;2860;1523;16640;SA
189;40000;300000;4706;1668;34643;SA
190;40000;400000;3659;974;39957;SA
191;40000;400000;2089;1176;15089;SA
192;40000;400000;2856;936;33006;SA
193;40000;400000;3123;976;33195;SA
194;40000;400000;3541;1110;37951;SA
195;40000;400000;3038;865;35015;SA
196;40000;400000;2468;1058;39704;SA
197;40000;400000;2374;1080;38663;SA
198;40000;400000;2477;1297;17983;SA
199;40000;400000;4237;1072;33645;SA
200;40000;600000;2813;789;15578;SA
201;40000;600000;3091;609;14034;SA
202;40000;600000;2460;528;18814;SA
203;40000;600000;3448;719;37363;SA
204;40000;600000;1866;771;34144;SA
205;40000;600000;3406;654;32999;SA
206;40000;600000;3133;701;18903;SA
207;40000;600000;3382;804;18088;SA
208;40000;600000;3097;860;14560;SA
209;40000;600000;3750;805;39864;SA
210;40000;800000;4189;321;14937;SA
211;40000;800000;3738;440;19881;SA
212;40000;800000;4629;439;34343;SA
213;40000;800000;2519;656;34964;SA
214;40000;800000;3547;372;15475;SA
215;40000;800000;3434;379;13305;SA
216;40000;800000;2675;275;15695;SA
217;40000;800000;2668;626;19199;SA
218;40000;800000;3193;588;37505;SA
219;40000;800000;2093;431;15086;SA
220;321270;800172;363467;363467;18;BAY
221;321270;800172;1344848;895966;567;BAY
222;321270;800172;907275;631671;17562;BAY
223;321270;800172;1630050;1141486;160635;BAY
224;321270;800172;3843247;2357321;321270;BAY
225;264346;733846;634322;505587;18;NY
226;264346;733846;148503;148503;514;NY
227;264346;733846;1367278;895969;14676;NY
228;264346;733846;1427636;978792;132173;NY
229;264346;733846;911597;734269;264346;NY
230;435666;1057066;254277;254277;19;COL
231;435666;1057066;929500;929500;660;COL
232;435666;1057066;2716334;2010656;23256;COL
233;435666;1057066;2211130;1766058;217833;COL
234;435666;1057066;9678713;7938506;435666;COL
235;1070376;2712798;840710;771341;20;FLA
236;1070376;2712798;525648;500549;1034;FLA
237;1070376;2712798;12224176;8470586;53439;FLA
238;1070376;2712798;9689042;6619310;535188;FLA
239;1070376;2712798;7976910;6371723;1070376;FLA
240;1524453;3897636;306530;275293;20;NE
241;1524453;3897636;137900;132725;1234;NE
242;1524453;3897636;384739;315939;74219;NE
243;1524453;3897636;3703921;3034777;762227;NE
244;1524453;3897636;4403412;2670738;1524453;NE
245;1890815;4657742;791104;791104;20;CAL
246;1890815;4657742;2727224;2714717;1375;CAL
247;1890815;4657742;24643784;16476962;90684;CAL
248;1890815;4657742;18637168;13019243;945407;CAL
249;1890815;4657742;7515480;6570773;1890815;CAL
250;2758119;6885658;193413;193413;21;LKS
251;2758119;6885658;5201159;3912114;1660;LKS
252;2758119;6885658;8044156;5440503;128912;LKS
253;2758119;6885658;16486682;11085593;1379059;LKS
254;2758119;6885658;16486682;11085593;2758119;LKS
255;3598623;8778114;369578;303401;21;E
256;3598623;8778114;206884;161292;1897;E
257;3598623;8778114;2449309;2177876;165233;E
258;3598623;8778114;4103078;2875886;1799311;E
259;3598623;8778114;8551064;5807795;3598623;E
260;6262104;15248156;3329461;2966511;22;W
261;6262104;15248156;4312626;3309692;2502;W
262;6262104;15248156;24209119;15995314;277351;W
263;6262104;15248156;19372837;12871406;3131052;W
264;6262104;15248156;26249533;16307906;6262104;W


